image_width: 128
image_height: 96
camera_name: narrow_stereo
camera_matrix:
  rows: 3
  cols: 3
  data: [111.337726, 0, 66.041132, 0, 111.755347, 48.64027, 0, 0, 1]
distortion_model: plumb_bob
distortion_coefficients:
  rows: 1
  cols: 5
  data: [0.195507, -0.37772, 0.003968, 0.010938, 0]
rectification_matrix:
  rows: 3
  cols: 3
  data: [1, 0, 0, 0, 1, 0, 0, 0, 1]
projection_matrix:
  rows: 3
  cols: 4
  data: [112.906334, 0, 66.79208300000001, 0, 0, 114.116402, 48.445166, 0, 0, 0, 1, 0]